   1.1939625e-01   3.5244075e+00
   4.5013770e-01  -2.2161107e+00
   6.6194475e-01   2.1789624e+00
   3.5021801e-01  -1.2774924e+00
   4.1615859e-01  -2.1598082e+00
   8.3291682e-01  -1.2796780e+00
   6.1346074e-01   1.5550369e+00
   5.4073934e-01   7.1338761e-01
   2.6477903e-01   6.8154076e-01
   1.1921454e-01   3.9629682e+00
   6.4555187e-01   1.4582142e+00
   6.3931696e-01   1.5785910e+00
   6.4731148e-01   1.5825180e+00
   7.2104662e-01   1.1542359e+00
   9.9370462e-01  -1.7641934e-01
   1.0579827e-01   2.5858788e+00
   6.3591371e-02   2.2009082e+00
   4.4837291e-01  -2.2857932e+00
   7.6350464e-01   5.7227146e-01
   7.7198039e-01   1.2374194e+00
